this is first elment1|1
1|1
2|1
3|1
4|1
5|1
6|1
7|1
8|1
9|1
10|1
11|1
12|1
13|1
14|1
15|1
16|1
17|1
18|1
19|1
20|1
21|1
22|1
23|1
24|1
25|1
26|1
27|1
28|1
29|1
30|1
31|1
32|1
33|1
34|1
35|1
36|1
37|1
38|1
39|1
40|1
41|1
42|1
43|1
44|1
45|1
46|1
47|1
48|1
49|1
50|1
51|1
52|1
53|1
54|1
55|1
56|1
57|1
58|1
59|1
60|1
61|1
62|1
63|1
64|1
65|1
66|1
67|1
68|1
69|1
70|1
71|1
72|1
73|1
74|1
75|1
76|1
77|1
78|1
79|1
80|1
81|1
82|1
83|1
84|1
85|1
86|1
87|1
88|1
89|1
90|1
91|1
92|1
93|1
94|1
95|1
96|1
97|1
98|1
99|1
100|1
R----32|1(BLACK)
   L----16|1(BLACK)
   |  L----8|1(BLACK)
   |  |  L----4|1(BLACK)
   |  |  |  L----2|1(BLACK)
   |  |  |  |  L----1|1(BLACK)
   |  |  |  |  R----3|1(BLACK)
   |  |  |  R----6|1(BLACK)
   |  |  |     L----5|1(BLACK)
   |  |  |     R----7|1(BLACK)
   |  |  R----12|1(BLACK)
   |  |     L----10|1(BLACK)
   |  |     |  L----9|1(BLACK)
   |  |     |  R----11|1(BLACK)
   |  |     R----14|1(BLACK)
   |  |        L----13|1(BLACK)
   |  |        R----15|1(BLACK)
   |  R----24|1(BLACK)
   |     L----20|1(BLACK)
   |     |  L----18|1(BLACK)
   |     |  |  L----17|1(BLACK)
   |     |  |  R----19|1(BLACK)
   |     |  R----22|1(BLACK)
   |     |     L----21|1(BLACK)
   |     |     R----23|1(BLACK)
   |     R----28|1(BLACK)
   |        L----26|1(BLACK)
   |        |  L----25|1(BLACK)
   |        |  R----27|1(BLACK)
   |        R----30|1(BLACK)
   |           L----29|1(BLACK)
   |           R----31|1(BLACK)
   R----48|1(BLACK)
      L----40|1(BLACK)
      |  L----36|1(BLACK)
      |  |  L----34|1(BLACK)
      |  |  |  L----33|1(BLACK)
      |  |  |  R----35|1(BLACK)
      |  |  R----38|1(BLACK)
      |  |     L----37|1(BLACK)
      |  |     R----39|1(BLACK)
      |  R----44|1(BLACK)
      |     L----42|1(BLACK)
      |     |  L----41|1(BLACK)
      |     |  R----43|1(BLACK)
      |     R----46|1(BLACK)
      |        L----45|1(BLACK)
      |        R----47|1(BLACK)
      R----64|1(RED)
         L----56|1(BLACK)
         |  L----52|1(BLACK)
         |  |  L----50|1(BLACK)
         |  |  |  L----49|1(BLACK)
         |  |  |  R----51|1(BLACK)
         |  |  R----54|1(BLACK)
         |  |     L----53|1(BLACK)
         |  |     R----55|1(BLACK)
         |  R----60|1(BLACK)
         |     L----58|1(BLACK)
         |     |  L----57|1(BLACK)
         |     |  R----59|1(BLACK)
         |     R----62|1(BLACK)
         |        L----61|1(BLACK)
         |        R----63|1(BLACK)
         R----72|1(BLACK)
            L----68|1(BLACK)
            |  L----66|1(BLACK)
            |  |  L----65|1(BLACK)
            |  |  R----67|1(BLACK)
            |  R----70|1(BLACK)
            |     L----69|1(BLACK)
            |     R----71|1(BLACK)
            R----80|1(RED)
               L----76|1(BLACK)
               |  L----74|1(BLACK)
               |  |  L----73|1(BLACK)
               |  |  R----75|1(BLACK)
               |  R----78|1(BLACK)
               |     L----77|1(BLACK)
               |     R----79|1(BLACK)
               R----88|1(BLACK)
                  L----84|1(RED)
                  |  L----82|1(BLACK)
                  |  |  L----81|1(BLACK)
                  |  |  R----83|1(BLACK)
                  |  R----86|1(BLACK)
                  |     L----85|1(BLACK)
                  |     R----87|1(BLACK)
                  R----92|1(RED)
                     L----90|1(BLACK)
                     |  L----89|1(BLACK)
                     |  R----91|1(BLACK)
                     R----96|1(BLACK)
                        L----94|1(RED)
                        |  L----93|1(BLACK)
                        |  R----95|1(BLACK)
                        R----98|1(RED)
                           L----97|1(BLACK)
                           R----99|1(BLACK)
                              R----100|1(RED)
=========
the bigest i s100|1
100|1
99|1
98|1
97|1
96|1
95|1
94|1
93|1
92|1
91|1
90|1
89|1
88|1
87|1
86|1
85|1
84|1
83|1
82|1
81|1
80|1
79|1
78|1
77|1
76|1
75|1
74|1
73|1
72|1
71|1
70|1
69|1
68|1
67|1
66|1
65|1
64|1
63|1
62|1
61|1
60|1
59|1
58|1
57|1
56|1
55|1
54|1
53|1
52|1
51|1
50|1
49|1
48|1
47|1
46|1
45|1
44|1
43|1
42|1
41|1
40|1
39|1
38|1
37|1
36|1
35|1
34|1
33|1
32|1
31|1
30|1
29|1
28|1
27|1
26|1
25|1
24|1
23|1
22|1
21|1
20|1
19|1
18|1
17|1
16|1
15|1
14|1
13|1
12|1
11|1
10|1
9|1
8|1
7|1
6|1
5|1
4|1
3|1
2|1
